52 1
0 0 4104 -1008 2056 622 -939 -2716 1929 -4614 4161 -493 1050 89 2346 2449 1083 1664 -293 910 -1141 -3453 -4264 3764 313 -725 -1701 2731 1456 -2504 -907 -4136 -4633 3948 1748 -4752 -2787 1672 2165 -4000 187 -4504 3891 2915 -3518 3608 3220 -3135 -1903 2648 2384 2491 
0 0 -750 -1146 1285 -945 -2576 -3556 843 -4187 -3017 -2673 1055 -1685 -288 -4101 4151 -4335 2944 -3460 -1711 -1644 1839 3962 -37 -3720 3847 -783 -3461 4072 -61 4029 3460 -3077 599 -1392 229 1681 -1114 -2102 161 757 -2106 220 674 1532 1589 -363 836 1902 -4410 2409 
4104 -750 0 3204 1922 2864 -4007 1880 1822 -4204 -1429 1246 -594 2309 -3165 -2305 3558 -2852 -2998 -263 3624 -2950 -660 -3614 2375 -844 -1098 748 -1283 990 3401 2652 -72 956 1436 3614 3944 2745 -2093 2895 -2721 3312 -3131 3812 3493 -4562 2919 -4833 -1234 -2500 -3218 -1156 
-1008 -1146 3204 0 2726 -3944 -1881 471 442 -4178 3719 -3847 2822 -2152 -1365 3486 -3707 3619 1099 2083 4020 -342 -97 40 -3308 1955 -2435 460 -1303 942 -226 -1570 -3000 2234 1640 -4072 3199 1230 1788 -382 3573 -2253 1000 -3321 1091 -2559 4107 1462 3134 3472 -1328 -2379 
2056 1285 1922 2726 0 1527 4131 4065 -806 -3354 1141 -1305 -1538 2997 3968 -1710 2227 3056 1562 3829 420 -3989 3805 2545 -1284 -1499 4206 0 3410 4144 3096 -28 65 2052 -1792 2337 2089 1329 -3596 -4806 3974 -3096 -3839 2259 -2236 1938 1124 -561 -3507 -3241 1744 1294 
622 -945 2864 -3944 1527 0 -4973 3394 -2936 -1380 -1019 -4487 -2127 1357 73 3826 3602 -3046 2985 3014 -789 -1678 -4528 -4993 -3878 3449 -2257 -2278 1312 -2447 -3101 1431 -260 530 3834 -4729 2807 -2321 -1636 -2882 -2591 -122 3088 487 -4044 -161 2191 -3256 -4778 -2267 -4513 4195 
-939 -2576 -4007 -1881 4131 -4973 0 550 2276 1404 3069 -3334 -777 -1127 2141 -2352 -882 2900 3696 2398 -367 3175 -2806 -2593 -2243 379 -2685 -118 3118 -4936 -3940 -993 -2764 -241 -3526 -626 -3407 -3396 -4928 -4226 2765 -2042 -2410 -4919 -196 2547 -722 -4119 326 -459 -4212 270 
-2716 -3556 1880 471 4065 3394 550 0 -4796 2433 3148 -4629 3302 574 946 -2912 -2293 2075 2359 -4911 2154 -1802 1975 -1603 965 2498 3046 -3250 4085 4119 -2335 -521 -3371 3510 169 610 3107 -2065 526 -4666 2717 -2551 2064 2469 -2414 -4448 2756 -898 -176 -2428 3017 1695 
1929 843 1822 442 -806 -2936 2276 -4796 0 709 -2327 1349 3178 -2047 1343 1629 -642 2025 2123 1690 3888 -1591 -4802 -701 3264 -3980 2738 -4084 566 -2165 -2658 2461 -415 -4285 1506 1382 -1535 857 -4236 -3258 -2897 -2608 -2982 1577 1195 3993 -692 1909 -184 1069 -504 -1931 
-4614 -4187 -4204 -4178 -3354 -1380 1404 2433 709 0 -4739 -1116 2132 -3140 -4902 -3862 -4690 -2822 2268 3027 1970 4186 825 -1215 -863 -4570 -2169 -2088 2619 2536 2439 -1573 -269 -3882 1496 -4843 -1079 1774 -4870 -58 3063 126 -3759 2704 3690 2642 -1238 -1744 -4965 2817 -327 293 
4161 -3017 -1429 3719 1141 -1019 3069 3148 -2327 -4739 0 -4482 387 -3601 555 -11 -454 -427 -2682 -4994 1825 2794 -3147 -2037 -3907 -1623 1321 -1212 330 -1874 135 -3681 -299 -1948 1780 2975 2567 3543 -2286 2712 19 1126 3427 3211 -1164 3919 -393 2484 -4393 -579 -1841 -305 
-493 -2673 1246 -3847 -1305 -4487 -3334 -4629 1349 -1116 -4482 0 -4858 357 4126 -4955 -1983 -1166 337 2514 -1476 3147 3667 -2133 3898 -3901 3127 3161 790 2960 3915 -4354 2210 -3853 -1445 -4256 -4345 -2988 -1927 -3089 -3577 916 2925 -4301 3729 3797 28 868 -2026 -2828 4177 704 
1050 1055 -594 2822 -1538 -2127 -777 3302 3178 2132 387 -4858 0 3818 -4218 -2221 1947 -3232 0 -2665 3371 2178 -4316 4136 -3689 -2622 1078 -1349 -4425 3682 247 -3368 2749 2403 -4249 1449 -3564 -3572 506 -951 -2907 -3914 496 3650 3550 3525 2467 770 3226 -1028 -610 1817 
89 -1685 2309 -2152 2997 1357 -1127 574 -2047 -3140 -3601 357 3818 0 3564 -828 3752 -2455 886 3478 88 -3929 -3962 2223 2477 3937 3439 457 354 0 1838 -2385 -4532 -3067 425 696 -346 3501 3339 -4708 -2699 2579 4048 -685 4040 801 2595 2422 102 -2585 -4790 -4437 
2346 -288 -3165 -1365 3968 73 2141 946 1343 -4902 555 4126 -4218 3564 0 -1415 -2444 2628 -4470 -480 -4109 -3158 2522 -3438 16 -4592 -1784 2881 -4391 3374 974 1986 -2077 -1314 3633 -3662 -1832 394 1715 649 -3631 -1221 1177 181 3874 -4156 -4742 -4241 111 637 1569 3419 
2449 -4101 -2305 3486 -1710 3826 -2352 -2912 1629 -3862 -11 -4955 -2221 -828 -1415 0 2686 -4674 818 1132 -470 -104 3905 47 -869 -4716 -815 -4867 -3628 -4362 3289 -1518 1872 -4299 2665 -3174 3361 -3930 -3784 -4150 -3182 3029 -3025 -2835 -3777 39 -4143 -3823 1732 1857 2007 3779 
1083 4151 3558 -3707 2227 3602 -882 -2293 -642 -4690 -454 -1983 1947 3752 -2444 2686 0 -3486 -732 -1340 2253 -4649 -2361 -3921 -1504 -2179 1254 -614 -4704 1219 3726 -2798 -1183 -1748 3953 -3889 -1252 -4909 1619 1265 923 3239 2851 3442 306 -2746 -4620 -4271 1043 2560 447 -2706 
1664 -4335 -2852 3619 3056 -3046 2900 2075 2025 -2822 -427 -1166 -3232 -2455 2628 -4674 -3486 0 -2620 -130 81 -321 -837 3272 -1764 -4578 -530 1421 661 3350 2933 930 878 1391 -1266 666 237 1883 1028 2695 -901 -2223 -3973 -572 -4167 1993 2784 -1799 -338 -376 -4850 511 
-293 2944 -2998 1099 1562 2985 3696 2359 2123 2268 -2682 337 0 886 -4470 818 -732 -2620 0 -2393 2284 -3584 -1667 -1275 3003 -1434 -1771 1607 -2069 -3664 -1322 614 2364 -314 -2965 3538 1758 -1033 3584 -254 -4078 2632 4086 -4815 2555 -4544 286 3042 1410 -1261 2048 3512 
910 -3460 -263 2083 3829 3014 2398 -4911 1690 3027 -4994 2514 -2665 3478 -480 1132 -1340 -130 -2393 0 -1989 4094 -1732 1172 -4774 -1693 -1583 3863 -1618 1157 2605 3593 -3872 2530 -1954 1548 -913 -1193 1238 809 -3037 1627 -1244 1656 -651 413 -4493 863 478 715 -1956 -3649 
-1141 -1711 3624 4020 420 -789 -367 2154 3888 1970 1825 -1476 3371 88 -4109 -470 2253 81 2284 -1989 0 3380 -1632 1894 -4547 2903 581 -3615 1810 3335 -1726 -2002 1723 3075 -210 -2528 -3764 -4096 -3346 -1849 3746 -3420 -3701 -1757 3297 2172 732 -510 -795 2000 3848 -1073 
-3453 -1644 -2950 -342 -3989 -1678 3175 -1802 -1591 4186 2794 3147 2178 -3929 -3158 -104 -4649 -321 -3584 4094 3380 0 2672 2505 720 -1660 206 4036 899 -4022 -4820 -955 -2601 -714 3463 -2371 -833 -4659 -3286 -4889 -3954 -1405 -967 -1991 685 -3059 -80 562 -3693 3861 2831 633 
-4264 1839 -660 -97 3805 -4528 -2806 1975 -4802 825 -3147 3667 -4316 -3962 2522 3905 -2361 -837 -1667 -1732 -1632 2672 0 -2530 -2209 2419 1521 -569 -3283 2117 3664 3256 4051 1305 -1553 -853 3529 1767 1594 2206 0 7 -2362 -2972 -4722 -2570 1706 1647 -2420 1483 1958 -771 
3764 3962 -3614 40 2545 -4993 -2593 -1603 -701 -1215 -2037 -2133 4136 2223 -3438 47 -3921 3272 -1275 1172 1894 2505 -2530 0 -1297 2956 -3028 -3472 -4127 -73 3277 271 -3477 -4369 -4941 742 2243 -4760 -1811 -1972 -2748 4175 2153 490 2302 1699 345 -1456 -707 -1355 -1042 -3074 
313 -37 2375 -3308 -1284 -3878 -2243 965 3264 -863 -3907 3898 -3689 2477 16 -869 -1504 -1764 3003 -4774 -4547 720 -2209 -1297 0 -91 -447 -137 1663 279 -2006 -2959 1557 -4327 -4016 -1941 -2637 -4459 -4986 -922 2390 3083 -2947 -1054 2355 -4608 -3651 -3642 3981 2685 -4170 -1106 
-725 -3720 -844 1955 -1499 3449 379 2498 -3980 -4570 -1623 -3901 -2622 3937 -4592 -4716 -2179 -4578 -1434 -1693 2903 -1660 2419 2956 -91 0 -4277 -3533 893 2840 150 -3212 -2697 -933 3577 605 2779 -3226 -1136 -2927 -4951 -2842 -2188 847 2839 978 1933 -4502 2040 -2110 0 -4468 
-1701 3847 -1098 -2435 4206 -2257 -2685 3046 2738 -2169 1321 3127 1078 3439 -1784 -815 1254 -530 -1771 -1583 581 206 1521 -3028 -447 -4277 0 -473 108 -3813 -2549 254 1213 0 -3206 -1423 2776 -2460 -4036 1107 -2012 1367 -2755 -2847 1445 -759 60 733 3997 -2917 -670 -187 
2731 -783 748 460 0 -2278 -118 -3250 -4084 -2088 -1212 3161 -1349 457 2881 -4867 -614 1421 1607 3863 -3615 4036 -569 -3472 -137 -3533 -473 0 -4637 138 -396 -358 3189 -214 -666 2586 2098 -2518 -4880 -3591 -1091 -756 -1387 1985 -4831 -4378 -1892 -3429 1228 -3716 814 -2273 
1456 -3461 -1283 -1303 3410 1312 3118 4085 566 2619 330 790 -4425 354 -4391 -3628 -4704 661 -2069 -1618 1810 899 -3283 -4127 1663 893 108 -4637 0 -4066 -3378 1185 3120 1021 -4428 1010 -3271 -1648 2946 -1819 -3541 4165 -1673 -3115 3104 -2475 -1087 1540 -549 -3386 -2931 177 
-2504 4072 990 942 4144 -2447 -4936 4119 -2165 2536 -1874 2960 3682 0 3374 -4362 1219 3350 -3664 1157 3335 -4022 2117 -73 279 2840 -3813 138 -4066 0 -4201 -3048 -981 -2183 -2313 -41 -1559 1898 642 -1866 -2770 -487 -2488 958 -1851 227 903 -2645 -51 -3275 -2057 2872 
-907 -61 3401 -226 3096 -3101 -3940 -2335 -2658 2439 135 3915 247 1838 974 3289 3726 2933 -1322 2605 -1726 -4820 3664 3277 -2006 150 -2549 -396 -3378 -4201 0 2292 -4034 1376 372 299 -3008 403 -2019 4013 0 1477 -2403 -808 2317 -4059 -876 -677 -1470 210 -3793 3 
-4136 4029 2652 -1570 -28 1431 -993 -521 2461 -1573 -3681 -4354 -3368 -2385 1986 -1518 -2798 930 614 3593 -2002 -955 3256 271 -2959 -3212 254 -358 1185 -3048 2292 0 -2122 -4585 1609 -2628 1202 -4553 -2739 2591 3192 -112 3876 -541 3321 -276 1163 -1461 -1335 785 2198 3926 
-4633 3460 -72 -3000 65 -260 -2764 -3371 -415 -269 -299 2210 2749 -4532 -2077 1872 -1183 878 2364 -3872 1723 -2601 4051 -3477 1557 -2697 1213 3189 3120 -981 -4034 -2122 0 1263 -4967 1471 -1598 1412 -2147 2324 4204 -4051 1067 -3500 -2514 2138 3776 -4293 2803 -2816 -3735 1314 
3948 -3077 956 2234 2052 530 -241 3510 -4285 -3882 -1948 -3853 2403 -3067 -1314 -4299 -1748 1391 -314 2530 3075 -714 1305 -4369 -4327 -933 0 -214 1021 -2183 1376 -4585 1263 0 -1523 3736 -3997 -3335 -2482 4061 1148 -3966 -1012 1737 -2342 -1172 2251 1338 -1722 -152 -515 -590 
1748 599 1436 1640 -1792 3834 -3526 169 1506 1496 1780 -1445 -4249 425 3633 2665 3953 -1266 -2965 -1954 -210 3463 -1553 -4941 -4016 3577 -3206 -666 -4428 -2313 372 1609 -4967 -1523 0 -1968 -2864 1802 -1397 3246 -4115 -1493 3791 -1860 -234 -3754 2105 3432 -3446 -4415 2017 -167 
-4752 -1392 3614 -4072 2337 -4729 -626 610 1382 -4843 2975 -4256 1449 696 -3662 -3174 -3889 666 3538 1548 -2528 -2371 -853 742 -1941 605 -1423 2586 1010 -41 299 -2628 1471 3736 -1968 0 -3304 1489 -988 -3358 -2196 -20 -1826 -3831 -3834 -3514 2992 -2891 2442 1038 120 3168 
-2787 229 3944 3199 2089 2807 -3407 3107 -1535 -1079 2567 -4345 -3564 -346 -1832 3361 -1252 237 1758 -913 -3764 -833 3529 2243 -2637 2779 2776 2098 -3271 -1559 -3008 1202 -1598 -3997 -2864 -3304 0 -2311 -3491 -3315 -437 3644 -547 3705 -2874 3713 -3297 518 261 -1774 -4374 -144 
1672 1681 2745 1230 1329 -2321 -3396 -2065 857 1774 3543 -2988 -3572 3501 394 -3930 -4909 1883 -1033 -1193 -4096 -4659 1767 -4760 -4459 -3226 -2460 -2518 -1648 1898 403 -4553 1412 -3335 1802 1489 -2311 0 -3547 2886 3679 -4339 -3168 -2650 2854 2299 -3671 -1546 2185 992 -4885 678 
2165 -1114 -2093 1788 -3596 -1636 -4928 526 -4236 -4870 -2286 -1927 506 3339 1715 -3784 1619 1028 3584 1238 -3346 -3286 1594 -1811 -4986 -1136 -4036 -4880 2946 642 -2019 -2739 -2147 -2482 -1397 -988 -3491 -3547 0 -3744 1274 2611 -4442 -4405 541 3656 2331 435 764 4008 -421 -4190 
-4000 -2102 2895 -382 -4806 -2882 -4226 -4666 -3258 -58 2712 -3089 -951 -4708 649 -4150 1265 2695 -254 809 -1849 -4889 2206 -1972 -922 -2927 1107 -3591 -1819 -1866 4013 2591 2324 4061 3246 -3358 -3315 2886 -3744 0 -1513 3352 -3190 -1368 0 -3799 -1898 -3415 -3196 -1910 3282 -623 
187 161 -2721 3573 3974 -2591 2765 2717 -2897 3063 19 -3577 -2907 -2699 -3631 -3182 923 -901 -4078 -3037 3746 -3954 0 -2748 2390 -4951 -2012 -1091 -3541 -2770 0 3192 4204 1148 -4115 -2196 -437 3679 1274 -1513 0 3389 1864 -1050 -4694 -406 -2203 2028 1846 -3772 3763 -2871 
-4504 757 3312 -2253 -3096 -122 -2042 -2551 -2608 126 1126 916 -3914 2579 -1221 3029 3239 -2223 2632 1627 -3420 -1405 7 4175 3083 -2842 1367 -756 4165 -487 1477 -112 -4051 -3966 -1493 -20 3644 -4339 2611 3352 3389 0 -1483 1582 -2792 -4309 -2779 -231 -998 3237 -432 2660 
3891 -2106 -3131 1000 -3839 3088 -2410 2064 -2982 -3759 3427 2925 496 4048 1177 -3025 2851 -3973 4086 -1244 -3701 -967 -2362 2153 -2947 -2188 -2755 -1387 -1673 -2488 -2403 3876 1067 -1012 3791 -1826 -547 -3168 -4442 -3190 1864 -1483 0 -4767 -1442 -1200 -2234 -972 -4685 -3399 -204 -2539 
2915 220 3812 -3321 2259 487 -4919 2469 1577 2704 3211 -4301 3650 -685 181 -2835 3442 -572 -4815 1656 -1757 -1991 -2972 490 -1054 847 -2847 1985 -3115 958 -808 -541 -3500 1737 -1860 -3831 3705 -2650 -4405 -1368 -1050 1582 -4767 0 -743 362 -3806 1512 1013 -5 -1191 2095 
-3518 674 3493 1091 -2236 -4044 -196 -2414 1195 3690 -1164 3729 3550 4040 3874 -3777 306 -4167 2555 -651 3297 685 -4722 2302 2355 2839 1445 -4831 3104 -1851 2317 3321 -2514 -2342 -234 -3834 -2874 2854 541 0 -4694 -2792 -1442 -743 0 -3105 3326 -2472 -1916 -4596 -2140 589 
3608 1532 -4562 -2559 1938 -161 2547 -4448 3993 2642 3919 3797 3525 801 -4156 39 -2746 1993 -4544 413 2172 -3059 -2570 1699 -4608 978 -759 -4378 -2475 227 -4059 -276 2138 -1172 -3754 -3514 3713 2299 3656 -3799 -406 -4309 -1200 362 -3105 0 1290 -634 1190 199 1796 -4524 
3220 1589 2919 4107 1124 2191 -722 2756 -692 -1238 -393 28 2467 2595 -4742 -4143 -4620 2784 286 -4493 732 -80 1706 345 -3651 1933 60 -1892 -1087 903 -876 1163 3776 2251 2105 2992 -3297 -3671 2331 -1898 -2203 -2779 -2234 -3806 3326 1290 0 -3732 0 409 -4654 -1062 
-3135 -363 -4833 1462 -561 -3256 -4119 -898 1909 -1744 2484 868 770 2422 -4241 -3823 -4271 -1799 3042 863 -510 562 1647 -1456 -3642 -4502 733 -3429 1540 -2645 -677 -1461 -4293 1338 3432 -2891 518 -1546 435 -3415 2028 -231 -972 1512 -2472 -634 -3732 0 2966 779 -891 -602 
-1903 836 -1234 3134 -3507 -4778 326 -176 -184 -4965 -4393 -2026 3226 102 111 1732 1043 -338 1410 478 -795 -3693 -2420 -707 3981 2040 3997 1228 -549 -51 -1470 -1335 2803 -1722 -3446 2442 261 2185 764 -3196 1846 -998 -4685 1013 -1916 1190 0 2966 0 -1609 1111 -3124 
2648 1902 -2500 3472 -3241 -2267 -459 -2428 1069 2817 -579 -2828 -1028 -2585 637 1857 2560 -376 -1261 715 2000 3861 1483 -1355 2685 -2110 -2917 -3716 -3386 -3275 210 785 -2816 -152 -4415 1038 -1774 992 4008 -1910 -3772 3237 -3399 -5 -4596 199 409 779 -1609 0 1390 -2726 
2384 -4410 -3218 -1328 1744 -4513 -4212 3017 -504 -327 -1841 4177 -610 -4790 1569 2007 447 -4850 2048 -1956 3848 2831 1958 -1042 -4170 0 -670 814 -2931 -2057 -3793 2198 -3735 -515 2017 120 -4374 -4885 -421 3282 3763 -432 -204 -1191 -2140 1796 -4654 -891 1111 1390 0 155 
2491 2409 -1156 -2379 1294 4195 270 1695 -1931 293 -305 704 1817 -4437 3419 3779 -2706 511 3512 -3649 -1073 633 -771 -3074 -1106 -4468 -187 -2273 177 2872 3 3926 1314 -590 -167 3168 -144 678 -4190 -623 -2871 2660 -2539 2095 589 -4524 -1062 -602 -3124 -2726 155 0